batch_size: 516
buffer_size: 1000000
ent_coef: 5.3798992850216784e-05
gamma: 0.9
learning_rate: 3.0391413416096893e-05
log_std_init: 0.002793101913614549
net_arch: small
