#{"t_start": 1608318656.5654106, "env_id": "conservation-v3"}
r,l,t
